154290
343857
1318252
72480
332778
950067
343625
32069
705991
559271
85341
152856
173531
327115
32073
287418
532118
336168
498509
467200
574899
360558
315967
343859
1025822
506658
1053365
511837
244250
329068
676148
1204094
315982
332779
502288
779746
731813
1271959
896604
482959
843973
910027
244258
375648
545686
586850
507018
743846
1181535
527806
529015
832102
691786
901314
154283
904525
343858
753571
879760
49138
646405
464135
907560
665916
103886
945494
152855
546170
796728
430090
694905
556158
1620609
587535
169988
1849427
1196431
943827
656327
586527
533617
1098902
407750
567913
129986
919157
549988
731567
592685
504373
872180
484476
133488
329331
738204
23374
120972
396298
646507
668184
343316
542714
315972
788204
672382
556160
1001582
834035
1844929
404806
846685
485224
631490
223628
23373
918427
765894
1083116
1283200
804541
554113
829628
696624
502297
643941
575728
880460
763704
653165
1183718
1173850
968348
468534
229698
831730
320158
838542
769446
597503
894712
773909
985030
1619897
198939
329741
926692
464137
897527
749272
613109
617467
287415
757869
1233563
1137432
838012
244257
320601
303915
758594
537940
403452
545274
546167
296542
32072
577108
559283
608314
1336671
801654
340580
798652
977578
981732
1004022
482526
978380
403451
1357944
120668
405217
279879
1024711
228309
887171
1218212
236417
82274
257461
531941
377076
1032048
587255
586513
32074
745378
129149
103888
737486
854889
666208
792018
434710
1117524
834784
545775
271373
1243642
880026
298085
856919
709632
1648576
347771
561390
1859233
654018
681837
303913
865731
1106339
134758
172170
1126624
251479
135117
939610
1226602
438965
601989
135092
1195108
729406
1236268
699619
147747
910020
842240
315963
831826
900859
730645
1051799
912779
765930
788399
873849
405502
1035747
634213
1191411
1153120
32071
749615
830159
1356562
938913
846756
154300
1641006
924954
776752
405220
173243
343283
485702
407741
900224
707822
1321170
329330
255695
495165
1713591
563430
505731
665779
430129
532868
879837
892178
390425
1080940
1119230
556810
715530
753380
824806
1273324
485229
159923
1433590
498523
674345
564241
498357
884925
405516
358560
617412
1190499
759218
782989
834490
437476
934769
1008956
406254
916533
1183667
147731
531280
1288129
753528
507021
903982
777044
1068728
343315
898890
792049
830568
992652
360553
559281
666059
663845
904020
1203414
661821
521034
964073
593190
879554
709100
500459
699621
1203659
592152
360561
1745031
769419
1006785
786278
1034198
438552
1209441
1188236
987203
932419
324304
1494247
549981
1171742
796722
1077585
875504
748599
1093988
405483
1594849
252350
917540
545685
1202278
887173
245314
135124
887519
712153
1079919
1276556
1115726
480802
1258913
700005
556805
13083
829728
811856
1247864
1056793
818237
903614
1580935
1088492
567389
1323230
1648327
1049336
949959
999006
223627
1023438
1072063
527801
1171549
1644531
147726
731969
147735
731721
244319
906044
932014
788205
129415
183963
596756
880623
911776
615802
1243652
443771
1189496
343277
1111265
559286
773722
580260
1399643
683194
1172873
699624
1663240
403449
848341
1562027
768369
380331
875522
653172
859758
465298
735080
1343150
1355588
1560884
749503
1106432
1028505
1042006
518366
1074808
471252
595797
1285982
915398
824764
1145055
135130
688368
147743
1550668
1042383
666195
650787
498519
488683
1049353
1121601
1135624
623859
1553098
1035005
539995
1021360
787015
852616
982343
1203869
976316
595802
303914
624435
521589
890716
831446
827931
415167
763705
705686
1148667
748593
725288
690169
954478
830163
1233072
343278
245237
135102
1078890
882627
1184781
1410461
1213208
1650488
877817
705416
559248
623861
916298
805139
596762
645263
504939
851012
1171741
430131
352680
808402
404807
919998
783079
1056708
469754
985666
465295
82269
613470
1625190
729889
1060072
393186
650786
902990
601993
1243629
13082
759187
477785
349967
755242
815865
559280
734110
1121892
1199304
989544
1318211
849622
1159622
1279849
1203470
712147
564236
850818
590531
480780
656324
882763
907617
1805035
430406
607142
1736014
1119964
1572751
683019
1119914
651840
1056140
741834
834366
1105640
1400515
812185
803313
961564
1227611
1259229
1127567
1135961
890578
715693
905699
727965
651820
1439909
329334
792038
833984
697242
1711730
1049142
407746
1080952
1176751
1162083
749630
830073
1762312
573629
1030712
950075
1131425
360556
329332
918208
1061329
621878
779527
579915
1279385
1050393
827
743538
665786
775789
617406
1496482
1632245
539988
1497370
1708091
557328
1087019
887546
870389
1454397
921776
627483
827779
805163
660795
790686
860741
719142
903635
1022358
921687
886816
827398
956865
1463308
1271882
650729
188352
603825
429307
675584
1437421
1537794
431478
1479814
801486
656331
824682
737478
423042
1432649
845337
1061137
1205302
1420343
1709070
917773
1573787
1808187
571693
1224062
1719981
811793
651830
599609
997762
909423
916151
1097695
638968
1108079
1357839
1133556
1182253
1765418
913601
1646295
423973
704604
609314
1365103
665497
975252
714345
1360575
850396
983731
863029
919071
430128
1710192
713783
1541317
1573840
1149860
71618
565085
915201
550697
1651069
527817
1434494
1652333
949474
788650
1291757
669319
1087034
1763125
748076
661027
564238
975120
929571
467243
999566
651818
925542
1023441
1180764
904802
1197012
1821515
1121924
857956
477139
1620633
1119696
770488
1839225
1131786
873845
147733
719394
514927
1348101
617407
963536
1366259
244326
914584
818240
1886491
985361
1278685
1669983
173529
1477869
1197635
1422150
801581
537894
974155
1224072
934326
155090
1142344
245318
1177799
1563460
651835
397764
1868345
844688
840214
1437806
1265315
987197
1087182
1264438
539990
782460
749623
505736
1017065
651813
502330
147749
1588173
1592307
1105507
1069004
812184
1444983
1370608
956385
805169
1453321
794640
792689
721127
989464
1731918
1298908
1185628
233621
1434044
166261
592868
1615299
1839300
103306
1216764
754798
776347
1203819
1378388
902988
1498578
1253083
1790008
327114
780153
936316
842478
1851618
1272833
498259
1272326
934331
1213872
1622797
913791
587511
596414
871823
1239729
1091208
651825
493532
1572754
900230
930465
559194
728612
1493895
1374243
651828
764055
1282022
879412
1126035
1248591
1364680
670174
1159395
1380347
1518381
1580692
135098
1536823
1614794
514667
330250
821917
1324972
1618604
645249
672252
1212611
801649
1726548
287416
856516
1287961
506207
818242
1010451
1097696
805147
879925
1644506
1622693
405484
148104
1471128
949236
586852
1190052
1124989
1518040
1751770
762026
1482826
1566074
1087032
1235286
1647883
1223487
998611
773895
1034100
805167
1248771
805166
1729286
1104772
1299621
1343148
1843153
824750
1181324
1634665
592986
1568679
1568620
591218
801063
1364925
1656716
1419429
784557
616236
957315
970836
758726
1760131
1087017
154275
956349
773660
501101
1271299
279870
901415
1516306
1058953
1890619
1818924
1053864
1202945
1513045
1121870
917778
1199423
596749
1494179
975090
278499
907620
634791
1089784
1533418
1248895
1654752
244254
1815075
1729631
1640683
1386613
815529
1032049
1632210
287413
1131424
13084
608180
1318872
1287212
1346481
801584
880650
950078
699623
1393023
912262
1598773
606430
1508768
1850031
1181525
1274269
702140
894294
1640246
1089302
844610
1163555
465499
645331
1717039
706267
1176750
1190272
1812260
561395
1611478
1140753
787861
1292830
1076401
1006620
674602
1476032
1266897
1364322
1811309
1481968
1049322
1213730
1127540
708694
1050328
1762982
755221
232033
830583
823870
1648596
697746
878320
201344
502300
1646923
1250362
805160
803392
1704680
1104393
594278
1623164
1248770
1133660
1818422
1804433
1383408
1531600
1507135
1789925
833168
499768
1170978
1747175
1434765
154325
1536553
669265
1564152
1849237
1840839
1273023
1254331
137947
1201235
1521816
1447781
755955
1427208
801067
651819
1646583
1782356
1207192
1266671
617234
1581361
1855811
1051899
1620852
838547
1482723
564231
1330798
1620639
504934
697743
1038872
1094760
1802798
1382570
978128
1329008
1053306
1572441
234078
1250371
645247
1812065
963711
1120384
1736810
1272486
1209912
651827
937820
1599836
830587
710850
950531
263124
1203576
1571087
646503
1885489
1414206
1124485
951731
1654130
772515
1493847
1330707
336197
855598
329336
1765900
670511
781542
1522384
989591
975335
1163213
880013
880150
1247585
1725162
434699
1779507
1439168
948242
993184
958640
788396
928540
1061830
838707
1093422
949950
1399239
932016
1291616
918637
1115659
1737963
154286
1077795
859752
1457425
1611767
922030
807295
1098922
1428950
1298909
1686663
1872068
1432291
1714599
1814432
1809000
758305
682642
674346
1640248
1255101
1661249
966745
911489
1893208
1633086
1368957
1562432
147740
1230285
800588
1248778
872875
1585911
872878
812187
1104176
1105508
1018304
1270897
971792
884469
315449
838703
1813139
1094920
829726
780613
1141744
13086
517303
1376065
1205084
1719317
1350722
838172
912122
1093173
864933
1675959
961610
975249
645243
1250369
462857
1243456
1265521
651821
976280
1763507
1072895
1766987
1131317
969344
801573
1902927
1047298
900009
608990
1243653
650785
1094390
827930
830567
866815
805547
1559813
1232972
875528
1293280
407742
1432697
1112093
802827
753531
919763
775748
1431967
1810427
401473
1077458
1217501
1575288
1482721
1265797
1097447
617238
1865794
980684
1463079
1485902
307276
1250368
819092
844696
1878589
1185313
908563
1504174
987207
1076399
1422330
1560084
719146
1852415
706220
1020609
1562105
1561645
154304
849815
468725
804532
630694
1277562
1020608
1670522
1641268
651832
1699402
503304
1284080
1273641
1444553
588576
920274
906885
1112153
1195415
1007872
506211
1772006
667736
1641824
920492
1748292
1288267
982540
744354
1121204
1605202
933247
500440
544475
1126091
1621897
1356581
1053305
1016748
1135220
1692289
1812176
988085
1812175
1001228
1885458
726371
541582
1326547
1630658
1186966
1797743
1639941
1405294
775354
901917
662012
651839
1655743
315961
911493
699625
1030250
1630916
1053941
1507801
1704896
1902263
1002924
703280
1592018
1284603
1807843
1839581
1708463
1116852
1208161
1675419
729215
399294
442304
1803700
1175584
1209806
660798
1618743
971791
1184396
1702125
1267986
660794
1618742
1625504
1651450
425846
1557448
1473301
1241115
1184588
1575106
1832742
1734464
1165342
1250158
1572185
1115989
1121040
1700491
1631535
1485909
1355364
1518038
1051801
1835149
1874311
914780
1568878
837395
1069415
1090910
1460518
1545338
1812244
679358
1673055
1815840
998202
927612
1209638
850665
1611730
727971
802964
1554578
595816
1365011
1136581
1718844
1010491
777045
947176
565084
1772142
1247584
1591723
1211877
1861839
645258
1907498
1042558
1657111
1491384
975564
1526828
1869737
772790
1870662
1651008
782089
1320708
779258
918304
1921621
1556456
1818199
1186773
798559
657028
1909043
1227507
1722693
1648504
609390
1796113
1765764
1172872
1365109
799233
817921
1731916
975985
244256
912165
1701313
1901153
1118558
1748895
900887
1773131
1590703
1643021
769445
1914710
1904226
730638
1841460
1255040
1228166
1796114
1040026
1704856
1236591
1708112
549987
1505092
1715406
1387870
1227512
1869449
789779
1913028
859988
962653
1827586
1254783
609599
1783519
1446019
1222181
1382239
1606291
782261
1247907
1885964
651829
1690410
850402
1373695
1493586
981333
1209026
1861237
1756861
556157
956801
1806507
946341
1765958
975622
1788987
1491686
856500
1162107
1743906
287574
1588444
983356
906218
1272251
1071144
769272
562353
1596463
1831536
801579
676736
1402121
1493827
1557185
1121963
827934
812429
1450747
1573433
838435
807738
1356840
788102
933195
1887339
434698
1732036
1248579
1481079
1335871
794870
564501
1870469
1020628
651838
831741
800555
1581051
1190219
1633350
1119121
1674432
906898
1113522
1250364
768371
902349
329333
713781
979185
378924
844569
1850133
1120805
1751245
1647627
1476030
1890972
884340
981192
1659491
1615293
1515018
1218853
964563
971472
529005
1092407
725290
1244295
1156420
1185022
1156425
1592413
1879404
1184593
1525419
1268220
812186
1082356
805162
965419
988437
1370606
1054703
1184602
1242189
1690313
872885
1457407
1791424
1804426
1818424
1880845
1804579
964864
1729289
1803438
1228007
1250165
1728429
1132456
1231497
985502
1644459
788214
1533633
1868671
1645529
767815
939842
1122375
1499593
699904
1262555
1900343
1157239
967496
1213483
1894432
1872961
859309
902344
1812940
651817
915937
1723270
1043409
1187305
1874331
1430346
1375857
1484622
1701279
1618954
1897846
1143697
1851620
1199547
1743261
1284068
969341
1766164
1163149
1250373
1174265
1575194
1899787
1815883
1119305
968078
1023440
1897960
1119528
1870516
895178
1050862
1213873
1522877
1340455
1250367
1578184
1494242
1250370
1213271
1637149
902622
1244935
1047593
645337
926695
1639922
1866936
1102733
1721618
1579467
1284085
1343602
1571501
1851536
1776452
867635
758334
1574047
1583587
798244
1476180
1101960
953201
651822
906590
948622
699556
1582787
1400916
1874334
1839560
1516315
1436317
1810429
976278
989320
1053953
651823
651824
1898479
1290086
1863413
1789158
762025
755163
1582169
1125517
1274225
1597251
1159278
1054875
1215981
974440
953202
1011844
1369577
651826
1204973
282537
917006
699907
1157243
1851661
1660487
795121
1515017
1836756
1584769
1872143
705418
1151486
866245
1868681
1878207
1880466
1876670
1156432
1830448
1185606
849824
1813842
1583582
1715420
1868684
1890324
1019793
1901157
1786910
1560824
1092351
1272071
977228
813913
797967
840511
1789262
831920
1040814
1362544
1053781
1808562
1900379
1899751
651833
1032145
1370761
1347985
848846
1175599
1838159
1555611
1448844
1726040
1101205
1097095
920210
713782
1239109
657675
1648989
666660
964078
730067
1622689
830797
634801
1480410
1127796
1047183
713784
1899195
1854970
1809144
1719053
1397006
1272379
1868694
920278
287003
913382
1715725
1778009
1061829
779749
1397249
844701
1226450
587533
1796112
1560787
1875252
971367
1812375
1818469
1575293
1673765
1686851
1156434
1838160
1869354
1795399
1915991
786275
651837
918089
1555778
1862080
1875041
1091209
1783408
969320
769447
1121779
1299309
1580889
1154719
1546787
1776949
699905
1868688
1774710
1061135
1288476
1716596
1870964
1247911
1855813
1722244
1116604
1796115
880299
1373688
1783799
1068787
1798251
1250365
1894478
1901602
1117831
1313368
1269129
1242746
972034
858635
1225070
1432226
601765
1043063
837694
1791575
849822
837375
1221258
1241362
1612899
1623104
1890178
788210
1880449
1247797
850563
856510
915463
1914729
1378390
1140713
1503539
1138279
1821326
1480525
1248759
1690297
1695944
1319975
796732
1248765
1740539
872879
1551589
1370601
1787155
1699970
1690295
1184600
1124347
870238
1716877
1832451
1616958
1900661
971087
1357656
1640221
1481011
1153843
1847669
986440
1688432
1704338
1346193
1808645
1809125
1874647
1847676
1855092
1021728
1794027
1288444
1519171
1829168
1829167
1591312
1876708
1122378
1519398
1489495
1309852
1838162
1314202
1201377
1813402
1231510
1815845
1210531
1355500
1369129
1355504
977962
1919263
1617537
1072920
1827037
1890115
864691
1701330
1357950
1840359
487404
1439167
1508279
1839614
1123641
1316279
668724
1795764
1683063
1496276
1714764
1364699
1633408
650789
1441993
1410297
1044560
849395
1148590
1842169
1448186
1716716
1378179
1890027
1812464
1173016
1407370
1581025
1517190
1494813
967727
1849215
1741341
969686
862510
1020304
1913026
1543120
1723871
1209721
1904223
1356613
1622111
1011905
651831
986888
1840360
1781548
1373686
1696795
1475246
1318321
1507803
1906855
1656213
668266
1779308
651834
1619158
1185196
1524580
1131464
1907792
1918698
1284081
1370495
1356570
745205
651836
1807437
1701628
1397248
1907150
1332891
1859147
1259904
1379106
727469
1204115
1020179
1239108
1770029
1108298
1620053
1457332
1797295
1647961
1475247
1908665
1731185
1129133
1672295
1680928
1690298
1730451
1827967
1132256
872880
1576358
805165
798868
872883
1701687
1705390